# Created by Octave 3.8.1, Mon Mar 16 10:38:41 2015 EDT <zalan@Wizard.local>
# name: v
# type: matrix
# rows: 50
# columns: 2
 0.696152891408484 1.075223233921211
 0.7593691040739075 0.1822285100779237
 -0.3555626107103844 -0.4230526347539471
 0.7295906032929435 1.457624501745977
 -1.637546561453388 -0.8670419891648302
 -0.5517270302854608 -1.317505243404925
 -1.530009875967714 1.523316553377728
 -1.337320440574158 -1.163541449862897
 -0.8849978409189467 -2.038889544894959
 0.9847716295991772 -0.2227498916437483
 -0.8874195873521151 -0.07475030676106162
 1.337645905633774 0.6564541545116171
 -2.295957539867146 1.372881509339222
 0.7901291369661008 -1.36394930838577
 -1.518145177964735 -0.1777398969753715
 2.724259427711753 1.141371466521639
 2.207847541678223 -0.2439061026595505
 0.3926744679983473 -0.1926089745524115
 -0.3962934073290366 1.301991908043438
 -0.4870658997223601 -0.4379282574859261
 0.1255984476988165 -0.4593154691948041
 -0.2839341443438206 -0.4018634267605908
 -1.510602493685866 0.3952982029706194
 1.132170478712776 1.368930685421218
 -0.5194681580910602 -1.965104946008342
 -0.7252199848175884 0.698379621541879
 -0.2283329717505553 -0.3375865219141305
 1.280876356378934 -0.2979043162081805
 -1.828104647392158 0.2490406720598023
 1.234110050578612 -2.132720133276166
 0.3937845813447777 0.5304741883176681
 0.7100359847718772 0.2341053898339423
 0.01114455077605202 -0.5042867781791652
 -0.1208519818639121 -2.41255279956673
 -0.5177982351363274 0.4109464732092609
 0.2391305713758044 -1.977769364125248
 0.6431038540190558 -0.7487947974900433
 -1.146246350920877 -0.8478631731310177
 -0.6289886574021887 0.104395379703449
 0.1519865974108747 0.4815158507719262
 0.7889756500477817 -0.5854785159359751
 2.346680458941976 0.4240805910200586
 -1.320474857812014 -0.9473913337790349
 0.641027740114906 -3.858977905165932
 1.124984537495699 -0.7333944836777702
 0.03839725639734064 -0.1318862936923614
 -1.017487684372387 -0.5359172403041219
 -0.1368577973276658 -0.8390076317242715
 -0.3064788115360733 -0.3769458919594912
 0.04129291465867044 0.6114738387621915


